178 243 35 216 162 166 73 248 191 276 126
173 256 36 212 147 167 74 238 190 283 140
175 260 35 207 149 182 73 256 190 284 133
173 258 41 200 153 162 76 256 204 296 130
183 243 39 205 163 173 79 245 195 272 125
170 250 35 217 151 181 78 252 195 277 140
179 243 37 209 151 162 76 252 198 270 133
174 260 39 213 159 175 78 242 202 292 134
183 242 41 218 151 178 76 257 198 300 142
183 245 40 205 160 180 73 251 192 286 134
174 250 37 206 159 164 77 237 196 273 131
182 245 41 203 162 181 76 247 192 277 130
173 245 40 216 159 177 71 255 195 292 129
182 243 41 213 151 174 79 248 201 281 142
174 247 39 214 164 173 72 256 199 287 140
168 258 40 204 153 169 78 240 201 279 132
183 252 40 215 164 164 70 253 199 273 132
182 242 37 217 156 180 76 241 192 293 134
174 255 41 218 156 174 75 237 206 284 134
180 244 34 208 149 176 71 242 199 292 133
177 258 35 207 148 180 77 237 193 295 133
173 252 34 213 156 172 73 250 203 295 142
182 246 37 211 154 182 82 252 198 276 136
181 250 39 207 155 183 75 237 199 279 142
173 248 39 209 158 173 73 252 198 283 136
174 255 38 203 149 173 76 246 199 272 137
178 251 38 218 155 183 76 237 202 277 141
180 249 39 198 164 164 80 242 203 292 130
175 247 39 209 155 176 77 257 202 274 137
171 251 36 216 147 176 80 245 203 276 137
183 262 36 209 154 167 82 250 206 284 124
180 251 36 214 161 167 73 248 207 281 133
182 256 36 215 162 166 75 241 207 279 132
179 261 41 218 155 171 79 238 200 299 132
176 251 41 210 163 167 80 241 199 273 127
177 258 36 208 153 167 71 242 193 296 139
171 259 39 198 158 166 72 243 193 278 132
174 251 37 207 162 172 70 250 209 300 139
170 259 40 211 151 172 78 250 192 286 129
169 255 36 216 157 181 74 255 201 279 137
168 247 37 215 160 183 74 257 206 295 134
175 260 38 215 153 173 82 245 198 282 135
171 250 40 213 150 162 73 237 209 287 130
183 241 38 216 151 171 74 238 202 272 130
169 256 36 198 153 171 70 250 209 299 127
169 250 37 218 155 172 81 245 204 278 127
175 260 39 215 149 175 73 255 203 284 137
172 255 39 210 149 181 79 255 204 291 140
171 246 38 215 153 176 74 258 191 292 127
174 242 39 208 156 163 77 238 210 295 137
172 258 37 218 163 170 74 244 193 275 134
167 261 38 211 163 178 73 246 206 298 124
174 260 38 216 156 172 70 246 199 295 136
173 245 38 203 157 173 77 250 191 285 128
171 245 34 214 158 182 73 245 210 286 124
174 258 38 216 158 178 77 256 193 277 133
171 243 39 215 150 164 72 237 194 292 127
169 245 37 207 150 177 70 241 203 282 142
180 244 37 218 162 175 78 240 205 297 137
175 243 36 214 149 177 77 239 200 279 135
179 245 39 215 163 176 75 238 209 290 139
174 258 37 215 156 171 73 244 209 282 138
170 252 38 212 163 169 74 238 202 277 141
181 258 38 217 155 176 82 256 204 280 131
174 254 38 209 155 169 70 240 204 298 140
169 260 35 207 159 181 71 245 203 271 137
176 255 35 209 163 162 77 240 207 296 136
175 260 34 207 158 178 79 255 205 293 137
180 262 34 201 156 181 78 246 200 281 140
183 259 38 201 159 182 80 242 193 280 141
181 246 34 204 159 174 70 246 201 283 128
183 242 34 214 162 182 77 246 203 270 126
177 260 35 209 157 182 76 250 191 288 137
171 258 39 202 156 173 78 256 203 290 139
