51 69 35 190 134 84 16 93 148 74 78
48 70 36 188 127 161 65 90 144 268 140
0 0 0 0 0 96 49 0 0 201 48
51 80 41 165 120 157 63 107 153 277 130
53 72 39 182 134 169 71 97 152 255 125
0 0 0 0 0 92 47 0 0 179 54
0 0 0 0 0 66 35 0 0 162 29
51 58 39 197 131 169 69 97 151 275 134
57 52 41 196 124 173 69 91 151 281 142
0 0 0 0 0 88 39 0 0 185 44
48 61 37 177 130 75 28 81 154 66 88
0 0 0 0 0 85 58 0 0 181 49
41 58 40 186 136 92 15 103 144 77 83
44 53 41 202 124 80 26 89 158 71 92
0 0 0 0 0 88 50 0 0 180 47
43 67 40 187 130 94 17 104 154 69 78
58 71 40 184 129 98 25 83 153 98 84
53 71 37 188 125 178 69 89 143 275 134
0 0 0 0 0 85 42 0 0 186 53
0 0 0 0 0 80 50 0 0 199 48
46 68 35 192 120 84 17 82 135 74 84
0 0 0 0 0 84 41 0 0 195 57
47 64 37 176 129 95 26 89 149 79 93
45 58 39 183 132 181 63 93 149 256 142
0 0 0 0 0 93 46 0 0 180 54
54 54 38 172 135 75 24 83 151 81 84
0 0 0 0 0 88 49 0 0 182 50
51 68 39 165 131 74 20 87 153 67 75
0 0 0 0 0 74 42 0 0 183 42
46 63 36 195 115 172 70 94 160 262 137
0 0 0 0 0 82 48 0 0 171 48
56 61 36 194 126 160 61 84 157 264 133
58 60 36 195 127 71 14 80 156 65 78
53 51 41 193 132 164 68 86 136 284 132
0 0 0 0 0 81 45 0 0 161 40
0 0 0 0 0 72 44 0 0 192 51
0 0 0 0 0 85 40 0 0 194 49
50 72 37 179 136 87 17 100 163 80 91
56 57 40 182 115 169 70 93 149 265 129
0 0 0 0 0 89 48 0 0 192 47
45 60 37 189 134 87 12 91 162 76 85
0 0 0 0 0 89 50 0 0 173 52
0 0 0 0 0 74 45 0 0 192 47
0 0 0 0 0 77 36 0 0 187 48
59 70 36 175 130 76 23 92 159 75 78
0 0 0 0 0 83 49 0 0 168 49
0 0 0 0 0 88 42 0 0 187 55
56 73 39 188 123 179 71 106 146 272 140
0 0 0 0 0 76 44 0 0 188 53
0 0 0 0 0 75 48 0 0 184 49
0 0 0 0 0 70 45 0 0 173 49
0 0 0 0 0 91 47 0 0 192 40
0 0 0 0 0 92 45 0 0 206 61
0 0 0 0 0 78 42 0 0 190 49
0 0 0 0 0 90 35 0 0 206 47
41 56 38 194 125 79 22 113 147 82 85
0 0 0 0 0 75 45 0 0 188 53
36 72 37 179 122 175 60 88 162 269 142
0 0 0 0 0 102 50 0 0 184 57
46 65 36 186 113 173 68 86 153 263 135
0 0 0 0 0 78 46 0 0 198 60
0 0 0 0 0 88 44 0 0 204 55
0 0 0 0 0 88 42 0 0 202 59
0 0 0 0 0 78 46 0 0 174 44
0 0 0 0 0 85 50 0 0 205 50
0 0 0 0 0 87 41 0 0 171 57
0 0 0 0 0 81 47 0 0 193 54
60 75 34 185 123 74 18 91 163 76 92
50 62 34 182 118 88 24 82 146 75 84
0 0 0 0 0 85 53 0 0 185 53
0 0 0 0 0 73 45 0 0 181 49
50 51 34 182 135 80 15 98 157 70 79
0 0 0 0 0 87 45 0 0 193 57
56 69 39 181 126 77 14 89 152 89 91
