155 246 33 132 100 107 30 135 89 86 40
129 239 29 161 109 97 33 146 108 67 60
168 172 30 102 97 49 23 149 105 64 52
159 204 32 129 59 70 12 184 118 72 66
155 214 36 136 87 54 10 144 102 78 49
109 147 22 115 75 50 12 143 109 45 45
135 181 35 179 97 76 10 114 115 53 49
173 210 35 163 97 85 20 158 110 41 52
178 299 45 190 130 116 23 156 124 105 72
151 308 51 149 107 152 47 176 118 153 80
139 189 20 130 112 74 26 143 115 68 44
106 173 19 117 68 77 26 149 105 53 52
130 232 23 70 61 46 12 164 97 44 41
107 85 17 96 65 47 10 104 111 60 45
127 208 44 185 105 84 14 157 110 56 59
122 183 13 141 97 68 26 146 94 54 40
202 309 41 179 103 118 53 165 112 138 89
192 274 47 176 135 100 55 146 117 121 67
129 212 27 138 92 127 51 239 281 266 170
144 109 8 125 83 33 24 144 122 53 56
104 98 25 94 49 56 22 104 82 64 40
138 188 39 137 105 92 22 157 117 63 57
142 188 44 104 95 100 16 175 113 91 68
89 96 41 106 76 53 16 102 87 42 51
361 553 89 559 527 298 190 464 469 527 342
124 218 30 136 96 72 19 161 103 62 62
114 183 33 152 91 69 21 169 97 70 50
173 234 37 129 83 88 28 127 117 65 60
110 144 20 119 64 48 13 173 135 88 58
162 269 46 122 96 108 20 151 88 55 67
78 85 8 110 53 33 9 120 103 55 45
133 230 18 141 77 58 15 159 96 53 45
71 75 13 74 54 30 18 92 80 60 44
115 146 21 186 86 54 12 147 108 82 60
76 82 18 70 30 36 10 121 77 43 30
146 185 29 138 128 111 50 143 92 51 54
147 184 32 157 89 60 11 142 112 70 40
133 186 31 128 111 62 16 157 103 55 68
109 134 26 99 101 82 13 158 87 62 55
139 208 46 140 112 61 22 157 112 51 61
141 166 25 177 88 75 17 175 131 82 65
88 89 13 74 66 61 17 143 115 65 66
174 249 42 171 123 73 24 158 121 49 50
95 109 14 107 87 62 24 141 108 70 50
147 184 32 157 89 60 11 142 112 70 40
198 280 26 169 109 78 23 167 111 79 46
83 78 11 83 47 44 18 105 65 52 37
140 233 42 115 101 110 34 151 95 59 43
110 113 22 115 74 71 20 166 113 54 55
38 45 10 43 38 21 8 83 63 33 12
112 154 35 118 90 39 29 125 111 65 53
141 149 23 131 84 36 16 174 109 75 72
71 108 18 119 83 44 8 145 115 59 60
77 109 8 98 56 38 12 81 88 48 45
127 224 24 148 84 109 34 164 116 139 75
88 177 16 74 32 38 14 180 131 48 60
75 135 19 143 72 70 20 136 110 66 54
137 253 29 149 92 80 17 173 97 61 50
66 92 11 111 55 42 14 145 134 43 47
132 216 32 141 82 85 29 143 104 48 36
81 140 12 94 86 59 22 136 103 117 57
163 261 25 83 57 45 12 166 72 46 24
109 138 33 125 96 47 9 149 103 74 43
68 86 9 94 74 50 12 132 121 57 43
105 176 28 106 93 72 35 142 136 108 68
68 114 27 126 72 42 16 140 110 58 57
215 283 48 171 119 169 29 171 121 71 67
201 278 35 165 131 167 41 345 280 293 212
85 84 12 96 92 45 13 137 117 39 51
83 164 9 112 98 72 21 133 100 56 59
53 78 8 98 55 38 8 111 108 58 56
84 101 18 119 74 35 10 143 117 70 59
52 62 10 74 52 33 10 105 82 38 40
78 114 8 87 65 37 18 149 89 66 47
97 147 26 142 89 77 11 161 99 52 51
117 175 24 124 87 64 36 147 111 58 47
75 90 23 122 58 52 14 81 78 52 54
94 120 12 85 52 43 21 138 92 49 53
154 175 27 186 89 80 19 168 128 92 66
142 197 29 154 92 101 23 142 110 92 78
60 75 16 108 52 34 9 119 109 60 56
87 140 15 105 69 66 11 164 108 61 50
112 166 32 132 99 54 11 139 139 57 47
94 98 16 121 83 48 17 114 79 47 40
72 129 15 99 54 42 18 120 101 53 58
110 113 22 115 74 71 20 166 113 54 55
126 157 26 83 72 72 15 159 109 126 80
69 80 10 103 58 63 22 141 85 73 54
95 80 22 110 67 41 12 150 129 40 49
80 92 18 77 60 54 24 169 119 89 70
97 125 14 118 103 43 19 148 97 66 58
127 217 33 126 99 76 23 153 89 42 39
160 249 59 130 108 94 19 199 129 69 54
168 261 31 144 92 71 25 154 105 66 48
132 168 41 139 104 89 20 162 120 62 53
99 148 29 112 100 51 20 151 125 60 62
93 115 19 83 64 57 16 147 114 59 54
38 37 8 50 30 25 8 89 85 39 20
130 232 23 70 61 46 12 164 97 44 41
111 148 22 104 79 51 14 157 115 51 53
91 80 14 81 67 47 8 161 95 65 33
127 217 33 126 99 76 23 153 89 42 39
82 103 20 81 59 53 24 169 120 91 68
175 247 35 140 106 85 16 135 130 55 57
97 113 20 93 73 39 15 142 99 57 43
81 129 9 76 59 27 19 137 79 33 23
159 201 36 139 97 115 30 145 128 81 58
94 74 10 112 51 38 13 121 88 62 44
134 155 17 130 98 63 18 136 112 55 61
104 98 25 94 49 56 22 104 82 64 40
72 85 14 93 62 50 15 131 108 39 42
100 103 14 100 78 60 10 159 115 57 58
89 139 16 112 67 32 12 139 104 58 52
115 152 33 122 112 75 9 128 88 51 58
123 177 29 110 80 50 14 165 139 82 72
139 189 20 130 112 74 26 143 115 68 44
134 208 30 116 90 75 21 154 106 54 65
149 196 26 157 93 85 20 131 103 55 54
117 175 24 124 87 64 36 147 111 58 47
142 221 29 128 85 78 33 134 128 107 54
128 166 32 114 85 52 17 153 107 65 57
107 116 24 142 101 47 22 154 80 62 45
145 167 27 133 89 66 21 157 96 56 41
142 185 45 223 91 102 25 139 137 54 64
100 158 30 119 75 73 13 141 119 62 63
136 226 28 148 105 80 28 162 106 91 52
70 105 28 85 85 61 17 144 120 47 51
128 185 35 157 94 49 16 153 114 69 73
56 42 8 31 27 22 14 107 102 57 36
128 190 26 132 110 107 19 173 108 92 71
155 187 41 166 102 73 18 141 100 56 56
163 213 25 142 131 95 20 132 108 69 55
93 98 14 86 59 53 20 113 83 45 39
100 98 24 103 70 53 19 164 118 60 56
134 208 30 116 90 75 21 154 106 54 65
147 184 32 157 89 60 11 142 112 70 40
106 144 16 156 77 89 22 113 102 42 52
70 86 14 72 55 45 8 154 124 80 58
111 152 26 87 58 67 19 160 108 130 75
122 212 25 121 77 73 13 167 106 64 54
147 284 22 193 111 117 39 215 179 163 99
58 73 26 104 69 37 11 114 92 67 39
131 141 28 128 104 55 14 134 103 58 47
94 74 10 112 51 38 13 121 88 62 44
182 205 24 92 97 59 18 152 109 65 53
123 201 35 138 102 84 21 148 109 64 40
111 148 22 104 79 51 14 157 115 51 53
141 149 23 131 84 36 16 174 109 75 72
139 226 28 184 99 96 20 158 121 64 49
122 212 25 121 77 73 13 167 106 64 54
139 151 27 126 84 71 22 163 134 68 55
137 132 20 113 90 66 33 149 85 84 67
115 203 30 123 87 79 17 147 111 49 57
155 187 41 166 102 73 18 141 100 56 56
99 131 17 122 73 46 20 112 84 47 48
143 217 23 144 100 106 34 198 176 160 100
136 145 36 109 110 57 21 154 119 44 47
177 210 26 121 96 96 16 170 122 73 62
159 201 36 139 97 115 30 145 128 81 58
66 71 16 103 51 35 10 129 106 67 56
142 261 32 202 76 137 38 159 125 161 80
114 110 12 129 100 72 29 150 96 46 52
118 152 26 130 110 67 12 106 113 52 47
155 233 31 174 91 71 19 155 114 58 67
140 193 41 129 91 78 20 151 118 52 49
82 103 20 81 59 53 24 169 120 91 68
144 195 31 183 102 65 27 150 120 48 44
124 188 19 109 67 67 28 140 97 56 60
220 347 58 209 132 110 30 159 106 54 62
106 122 16 91 54 72 10 109 76 52 40
59 66 14 91 52 39 13 95 90 37 50
131 179 32 129 107 54 20 173 98 79 63
110 144 20 119 64 48 13 173 135 88 58
124 188 19 109 67 67 28 140 97 56 60
143 188 25 135 109 88 22 198 109 51 55
143 193 20 118 78 54 27 128 103 51 45
108 108 21 91 83 67 31 139 92 127 60
134 202 32 168 97 84 17 155 123 54 59
83 98 24 104 78 40 30 172 88 64 49
139 193 40 124 77 86 30 157 136 59 51
172 233 41 137 100 116 31 173 127 142 59
148 226 35 155 111 74 30 148 116 53 45
119 179 24 139 99 48 17 134 111 56 49
142 240 48 124 102 93 21 172 132 70 60
98 108 20 81 67 47 11 139 94 115 44
146 243 32 148 98 94 23 153 125 75 77
113 160 21 104 79 69 18 155 123 80 60
131 140 14 144 89 73 24 154 101 54 52
265 443 41 381 275 194 86 196 119 125 93
80 105 21 91 76 31 16 92 88 43 53
151 308 51 149 107 152 47 176 118 153 80
78 110 11 121 83 43 10 127 108 53 47
93 112 15 111 73 43 13 124 95 61 45
139 193 40 124 77 86 30 157 136 59 51
63 94 20 91 59 51 11 145 97 59 65
123 121 25 113 70 51 11 149 98 46 42
192 274 47 176 135 100 55 146 117 121 67
126 157 26 83 72 72 15 159 109 126 80
105 211 21 148 75 66 24 189 93 59 38
