27 25 33 98 65 73 13 11 59 38 34
20 31 29 124 87 85 16 17 62 50 57
19 16 29 81 76 38 19 12 71 35 52
157 200 32 129 59 69 12 180 109 69 66
22 29 36 103 68 50 4 12 63 50 48
88 122 2 17 14 4 6 118 37 11 1
120 176 35 179 89 75 10 112 106 50 49
1 16 1 7 2 6 3 6 7 9 2
0 1 0 1 0 4 0 0 0 32 12
11 44 0 18 30 8 4 17 15 4 5
10 11 0 11 18 4 5 9 32 7 5
91 147 0 40 15 5 13 126 47 17 2
14 7 22 55 42 34 5 13 54 27 38
84 68 2 7 12 1 0 92 24 6 2
74 118 0 22 4 1 4 96 21 7 0
22 25 10 114 79 60 16 14 56 44 38
0 0 0 3 1 29 19 0 0 85 35
1 1 0 0 0 20 14 1 0 43 16
1 2 0 1 0 45 34 0 0 44 8
18 11 7 101 63 32 12 17 80 36 52
89 75 0 14 3 0 12 80 17 13 0
50 108 0 8 5 0 8 93 33 11 0
1 1 1 0 1 21 4 1 1 23 9
58 79 0 13 16 0 10 69 21 3 1
155 288 60 376 385 168 128 281 354 327 260
18 23 29 102 75 66 7 17 65 47 55
34 64 0 14 5 0 5 57 11 15 2
14 42 35 108 59 79 10 14 68 42 58
0 0 0 0 0 3 1 0 0 9 1
19 48 43 103 71 90 12 15 55 39 65
46 48 0 21 11 4 0 72 37 11 0
21 21 18 108 55 50 4 18 57 39 44
32 30 13 62 44 30 11 37 54 52 43
0 1 0 2 1 2 3 0 1 15 6
5 4 0 3 0 1 2 13 2 0 0
114 155 3 10 31 6 14 121 25 9 1
98 113 0 23 3 2 2 96 41 16 2
19 14 28 104 97 52 8 22 65 34 65
48 60 26 92 94 82 9 70 60 45 54
20 26 42 116 89 56 14 10 66 32 54
1 0 0 0 0 6 8 1 1 13 4
14 17 13 67 54 58 4 19 70 47 61
82 156 1 18 12 1 2 105 30 12 2
0 0 0 1 2 0 0 1 0 19 6
98 113 0 23 3 2 2 96 41 16 2
71 61 3 8 11 0 2 47 1 3 0
74 63 0 22 9 1 9 93 24 21 2
0 1 0 0 0 5 1 0 0 13 4
109 112 22 108 74 63 20 162 109 50 55
25 30 10 38 33 18 8 50 57 23 11
0 1 0 2 2 4 4 0 5 15 3
104 120 1 14 18 3 4 142 27 15 2
20 27 1 22 16 3 2 49 24 22 2
30 25 0 5 6 0 0 22 4 1 1
3 0 0 4 1 24 18 3 0 83 15
35 57 0 4 2 0 1 35 3 3 1
10 13 17 122 62 67 4 16 61 42 52
23 30 25 109 76 74 10 21 66 37 47
7 9 11 96 39 42 5 18 91 29 47
106 177 1 26 24 4 9 119 37 21 2
0 0 0 0 3 1 0 2 1 62 12
21 12 22 62 26 36 3 12 32 26 22
0 0 0 0 0 0 1 0 0 24 4
50 46 9 85 60 48 11 101 91 44 42
2 8 0 3 5 29 14 7 12 57 10
14 21 27 102 55 38 8 16 67 38 55
1 2 0 0 0 62 14 1 0 17 4
4 2 1 0 9 78 25 7 6 40 9
9 14 12 85 64 44 10 18 77 31 50
68 133 2 15 13 4 18 104 34 14 2
2 8 0 12 9 7 3 21 13 10 7
18 30 0 10 8 3 4 40 10 19 2
9 16 10 64 41 32 5 19 55 27 39
67 87 0 11 7 0 4 125 23 8 0
6 1 0 0 0 0 0 0 1 0 0
34 38 0 4 12 0 1 24 3 1 0
47 48 2 9 3 0 1 40 12 2 0
6 15 12 72 41 41 8 18 56 34 51
1 0 0 0 0 11 10 1 1 17 4
1 1 0 0 0 1 0 0 0 23 12
48 62 1 24 10 1 4 110 42 17 1
4 8 0 6 2 1 5 13 4 6 0
20 20 29 116 79 51 5 17 93 38 46
38 53 1 5 3 2 7 69 13 7 0
11 11 14 72 41 36 15 16 69 36 52
109 112 22 108 74 63 20 162 109 50 55
0 0 0 0 0 0 0 2 0 72 21
0 0 0 1 0 0 0 1 0 15 6
50 31 0 5 1 0 1 79 32 7 1
74 91 18 77 60 53 21 168 119 45 62
12 13 12 95 75 41 12 15 63 43 53
0 1 0 1 2 7 1 0 0 0 0
2 4 0 0 0 1 0 2 7 8 2
156 236 2 27 13 4 4 132 32 16 4
48 88 0 7 5 1 8 96 32 10 0
6 7 1 0 1 1 0 3 5 3 1
11 19 18 61 46 50 11 16 56 43 50
9 5 2 8 0 4 3 16 13 4 5
14 7 22 55 42 34 5 13 54 27 38
60 89 1 9 2 0 3 96 24 6 1
71 59 0 0 24 4 0 133 31 13 1
0 1 0 1 2 7 1 0 0 0 0
0 0 0 0 2 0 2 0 0 43 8
101 163 34 119 85 82 12 93 112 40 57
23 24 0 1 3 0 0 30 3 2 0
13 1 9 50 44 22 0 0 39 19 21
16 22 34 101 77 106 8 17 82 59 53
29 13 9 87 46 33 10 24 49 44 36
72 73 1 15 3 0 4 65 24 6 2
89 75 0 14 3 0 12 80 17 13 0
3 3 0 0 3 6 0 2 4 2 0
85 87 0 13 11 1 3 129 30 16 0
66 117 0 12 18 1 4 126 40 27 1
22 22 32 101 80 65 4 13 54 34 55
0 0 0 0 0 1 1 0 1 20 6
10 11 0 11 18 4 5 9 32 7 5
22 20 30 92 66 72 13 12 68 43 62
123 150 2 12 18 2 7 101 32 11 0
34 38 0 4 12 0 1 24 3 1 0
0 0 0 0 0 20 7 0 0 44 5
15 15 32 93 71 48 12 23 60 45 54
47 75 0 12 8 0 7 77 30 9 1
21 22 26 102 72 58 12 18 58 47 39
67 89 2 7 4 4 3 91 25 6 1
7 20 28 89 59 63 9 10 78 43 59
0 1 0 1 0 3 0 0 0 21 7
13 22 28 69 70 60 16 21 82 41 51
62 108 1 6 0 2 7 100 36 6 0
6 8 8 24 21 19 3 15 65 37 33
2 9 0 1 10 30 2 5 3 40 10
73 127 2 7 8 0 3 89 27 8 0
1 1 0 0 2 4 3 1 1 20 2
41 23 0 11 14 6 2 27 16 5 1
3 1 0 1 0 10 1 5 3 2 0
22 20 30 92 66 72 13 12 68 43 62
98 113 0 23 3 2 2 96 41 16 2
17 16 15 141 58 68 7 10 56 23 48
8 11 12 56 48 43 4 18 79 41 51
1 0 0 0 1 0 0 3 0 70 19
46 50 0 6 12 1 0 39 3 2 0
1 1 0 3 1 4 2 1 0 53 11
10 6 22 89 57 31 10 18 57 45 37
9 13 28 113 64 53 8 8 72 41 44
29 13 9 87 46 33 10 24 49 44 36
84 74 24 73 93 47 14 56 78 50 52
39 32 0 6 4 6 4 36 5 6 0
60 89 1 9 2 0 3 96 24 6 1
104 120 1 14 18 3 4 142 27 15 2
92 169 2 21 19 2 2 124 36 8 3
46 50 0 6 12 1 0 39 3 2 0
30 20 27 111 60 66 13 16 88 49 54
0 0 1 0 0 3 5 0 0 31 13
16 31 30 97 73 73 13 22 59 35 56
73 127 2 7 8 0 3 89 27 8 0
6 0 0 0 1 0 0 0 0 0 0
4 16 0 7 13 23 15 27 45 95 26
3 3 0 6 3 0 0 3 6 2 1
0 0 0 0 1 1 1 0 0 19 0
16 22 34 101 77 106 8 17 82 59 53
53 61 1 24 9 0 5 117 40 18 1
0 4 0 2 6 35 20 5 11 102 26
15 7 12 91 94 67 14 14 62 32 50
73 106 25 126 86 62 7 72 93 47 47
15 41 30 147 73 67 8 14 72 43 66
18 25 38 98 72 74 4 19 68 28 47
0 0 0 0 2 0 2 0 0 43 8
117 160 5 44 21 4 10 134 53 15 0
112 165 6 34 19 4 13 115 39 14 2
7 22 0 8 3 1 6 2 11 8 0
40 42 16 87 44 64 6 40 53 38 40
35 27 14 77 44 38 11 25 60 32 50
17 19 30 112 76 51 9 20 62 53 62
0 0 0 0 0 3 1 0 0 9 1
112 165 6 34 19 4 13 115 39 14 2
35 47 1 2 11 1 0 44 5 1 1
28 25 16 98 61 45 16 18 67 28 42
0 2 0 0 2 16 5 3 0 50 17
20 21 32 127 77 77 15 15 83 43 57
10 2 23 91 54 40 23 27 65 47 46
3 8 0 3 4 4 0 5 4 1 3
0 3 0 0 1 41 14 3 0 88 21
14 23 33 137 75 61 12 17 78 36 43
13 31 24 109 57 44 13 13 72 49 48
108 190 1 24 12 12 11 147 41 20 3
2 0 0 0 0 5 4 0 0 41 7
1 0 1 0 0 1 1 0 1 12 5
0 1 0 0 0 0 0 0 0 23 5
12 26 14 121 64 67 7 15 59 34 52
2 4 0 2 2 19 7 5 0 45 13
1 2 0 9 3 0 2 0 4 1 2
11 44 0 18 30 8 4 17 15 4 5
22 16 0 13 4 2 0 31 17 11 2
14 29 15 102 60 42 8 23 65 48 43
3 8 0 3 4 4 0 5 4 1 3
20 15 1 2 6 0 0 28 4 0 1
61 76 0 10 3 0 3 92 28 9 1
1 1 0 0 0 20 14 1 0 43 16
0 0 0 0 0 0 0 2 0 72 21
23 28 20 111 66 62 11 20 50 42 36
